[0][0][6][4466.png][193]
[1][0][7][4479.png][177]
[2][0][12][4494.png][274]
[3][1][9][7160.png][271]
[4][0][11][4461.png][282]
[5][0][15][4568.png][292]
[7][0][17][4502.png][281]
[6][0][21][4493.png][303]
[7][1][23][4576.png][308]
[8][0][28][4429.png][275]
[10][0][29][4538.png][295]
[11][0][30][4443.png][259]
[12][0][37][4415.png][329]
[13][0][31][4478.png][222]
[14][0][35][4516.png][248]
[15][0][38][4603.png][339]
[16][0][39][4642.png][286]
[17][0][43][4449.png][258]
[18][0][45][4589.png][289]
[19][0][47][4496.png][303]
[20][0][49][4498.png][204]
[21][0][50][4066.png][283]
[22][0][53][2410.png][249]
[23][0][55][4475.png][310]
[24][0][57][4378.png][221]
[25][0][59][4547.png][166]
[26][0][60][4418.png][300]
[27][0][63][4540.png][236]
[28][0][69][4489.png][300]
[31][0][65][59528.png][278]
[29][1][67][4472.png][222]
[30][0][71][4718.png][271]
[32][0][73][4480.png][282]
[33][0][75][4499.png][168]
[34][0][79][4599.png][327]
[35][0][77][10982.png][257]
[36][0][80][4462.png][265]
[37][0][81][4574.png][347]
